Phugoid_eigenvalue_1: (-0.12643775250017392+1.7297113727292526j)
Phugoid_eigenvalue_2: (-0.12643775250017392-1.7297113727292526j)
Short_pred_eigenvalue_1: (-7.112288928728348+0j)
Short_pred_eigenvalue_2: (-21.808023837106184+0j)
Roll_eigenval: (-87.52039978941727+0j)
Spiral_eigenval: (-1.3878743020456858+0j)
Dutch_eigenval_1: (-1.3764182222809258-1.2205306556730542j)
Dutch_eigenval_2: (-1.3764182222809258+1.2205306556730542j)
