Phugoid_eigenvalue_1: (-0.042750876220249964+1.3951925953567057j)
Phugoid_eigenvalue_2: (-0.042750876220249964-1.3951925953567057j)
Short_pred_eigenvalue_1: (-8.295226894032062+0j)
Short_pred_eigenvalue_2: (-14.984869295166254+0j)
Roll_eigenval: (-39.99537269657156+0j)
Spiral_eigenval: (-0.10316182989832406+0j)
Dutch_eigenval_1: (-1.743590998135436-2.7702220074015784j)
Dutch_eigenval_2: (-1.743590998135436+2.7702220074015784j)
